image: my_map2.pgm
resolution: 0.050000
origin: [-1.609006, -16.793478, 0.000000]
negate: 0
occupied_thresh: 0.65
free_thresh: 0.196

